10 numbers in almost sorted order
1
2
3
6
4
5
7
8
9
10
10 numbers in random order
12
15
20
18
23
21
22
13
17
19
10 numbers in reverse order
30
29
28
27
26
25
24
23
22
21
30 numbers in almost sorted order (a few out of order)
11
10
12
13
14
15
16
17
18
19
21
20
22
23
24
25
26
27
28
30
29
31
32
33
34
35
36
37
38
39
30 numbers in random order
55
68
39
72
46
47
60
87
59
30
77
99
78
44
43
10
58
18
96
14
26
32
34
80
52
21
23
91
84
51
30 numbers in reverse order (a few out of order)
60
59
58
57
56
55
54
53
52
51
50
49
48
47
46
45
44
43
42
41
40
39
38
37
36
35
34
33
32
31
50 numbers in almost sorted order (a few out of order)
49
50
51
52
53
54
55
56
57
58
59
60
62
63
61
64
65
67
78
69
70
71
72
73
75
74
76
77
68
79
81
80
82
83
84
85
86
87
88
89
90
91
92
93
94
95
96
97
98
99
50 numbers in random order
136
142
105
128
138
139
102
120
124
107
149
101
137
122
134
100
125
131
106
115
118
129
109
114
150
146
108
119
103
133
113
117
116
111
112
147
141
121
143
123
148
104
145
140
130
135
126
132
144
110
50 numbers in reverse order (or almost reverse)
59
58
57
56
55
54
53
52
51
50
49
48
47
46
45
44
43
42
41
40
39
38
37
36
35
34
33
32
31
30
29
28
27
26
25
24
23
22
21
20
19
18
17
16
15
14
13
12
11
10